56
    1.0163   -0.4914
    1.0159   -0.7263
    1.0127   -0.9123
    1.0089   -1.1489
    1.0378   -1.2640
    1.1469   -1.3444
    1.2728   -1.3706
    1.3563   -1.3611
    1.3725   -1.3200
    1.3895   -1.2646
    1.4703   -1.2468
    1.5792   -1.2489
    1.6835   -1.2519
    1.7531   -1.2449
    1.7704   -1.2147
    1.8016   -1.1704
    1.8973   -1.1115
    2.0175   -1.0472
    2.1281   -0.9547
    2.2142   -0.7882
    2.2913   -0.5911
    2.3515   -0.3972
    2.3680   -0.2342
    2.3666   -0.1278
    2.3651   -0.0422
    2.3651    0.0423
    2.3659    0.1296
    2.3672    0.2361
    2.3595    0.3806
    2.3203    0.5311
    2.2445    0.7334
    2.1482    0.9528
    2.0239    1.0503
    1.8131    1.0756
    1.6615    1.0795
    1.5935    1.1016
    1.5266    1.1584
    1.4478    1.2271
    1.3861    1.2871
    1.3705    1.3237
    1.3516    1.3452
    1.2989    1.3490
    1.2785    1.3424
    1.2755    1.3263
    1.2630    1.2898
    1.2429    1.2467
    1.2225    1.2148
    1.2024    1.1955
    1.1768    1.1816
    1.1371    1.1702
    1.0932    1.1651
    1.0480    1.1643
    1.0196    1.1568
    1.0139    1.1282
    1.0153    1.0721
    1.0160    0.8201
